mean: [2.4888590818083816, 2.380257982788273, 1.0036681709393178, 2.359030446126372, 1.0342021032192041, 1.049500135166849, 1.0385762976113335, 0.8695178801511793]
std: [0.5402614839312554, 0.14251968891556527, 0.17545507760730641, 0.19951286114083183, 0.10912504929147025, 0.1948624617597211, 0.05830392083810855, 0.12686259867682428]
